-0.581
1.3338073437
-1.66571556426
-1.57765806322
-1.77771556426
-1.923
0.817
0.655
1.56428443574
-1.94394249896
-1.824
0.346057501037
-0.0217155642581
1.751
1.423
-1.92365806322
1.946
-1.176
0.986
1.26186484474
-0.255
0.023
1.05034193678
0.658807343701
1.9568073437
2.0578073437
-1.63194249896
0.724
-1.906
-1.62265806322
1.02805750104
0.681057501037
-0.379942498963
-0.245135155263
1.46
-1.902
-1.24265806322
1.884
-1.125
1.099
0.843341936778
-1.011
-0.639
2.17886484474
-0.0617155642581
1.65828443574
0.967284435742
-0.429942498963
-1.4
0.685
-1.93787502604
0.560779142637
0.0123620131509
-0.756220857363
1.842
0.143
0.904
1.16277914264
0.151582870514
-1.998
-1.41841712949
0.192779142637
1.699
-0.845
0.106362013151
-0.046
-1.667
0.476
-0.869292155523
1.733
-1.643
-1.09463798685
-1.56087502604
1.35212497396
-1.72287502604
0.305582870514
-1.247
-1.468
0.490362013151
1.09558287051
1.82258287051
1.00358287051
0.273707844477
-1.912
-0.429
-1.05263798685
1.933
1.487
-1.804
-0.953637986849
1.413
-1.086
-0.430292155523
-0.159220857363
0.969779142637
-1.84522085736
1.59058287051
-1.912
-0.003
0.438879505264
2.22835090168
1.8524380299
0.194350901684
-0.944
0.091
-0.601
-0.00264909831607
0.050087128214
0.754
0.957087128214
-0.0476490983161
0.456
-1.783
-0.481561970102
-1.842
1.99
-1.099
-0.434033366522
-0.316
1.008
-1.2475619701
-0.739120494736
-0.321120494736
1.87387950526
-0.520912871786
0.175
-1.687
-0.289561970102
-0.662912871786
-0.183912871786
1.44908712821
0.415966633478
1.571
0.433
-0.653561970102
-1.931
-0.725
-0.764
-0.681561970102
-1.323
-0.569
1.66196663348
2.05035090168
0.454350901684
-0.280649098316
-2.13791287179
-1.809
0.489
-0.911350995144
1.95223626935
0.186662398749
1.54423626935
-1.513
1.749
-0.863
0.848236269354
-1.18157387061
-1.111
-0.116573870605
0.829236269354
1.904
0.211
-0.169337601251
0.951
0.939
-0.919
-2.47592486575
-0.392
0.216
0.576662398749
-0.658350995144
-0.00035099514391
-1.32035099514
0.322426129395
-0.866
-0.811
-0.580337601251
-1.61357387061
-1.26657387061
1.97742612939
-2.58392486575
-1.82
-1.584
-0.448337601251
0.971
0.534
-1.224
0.110662398749
-1.109
0.05
-1.98292486575
-0.0457637306456
-0.572763730646
-0.160763730646
1.29142612939
0.015
-0.391
0.163631082293
1.01752736473
-0.402097589226
0.990527364731
-1.158
-0.418
1.137
-1.81647263527
-1.93862495396
-1.827
-1.08562495396
0.0575273647314
-0.264
1.761
0.213902410774
-0.271
1.559
-0.24
-1.78199387166
0.896
-0.176
1.55290241077
-2.15936891771
-1.01736891771
1.25763108229
-0.0826249539575
0.32
-0.643
-1.38309758923
-1.51762495396
0.728375046043
-1.97362495396
-1.18099387166
-1.324
0.241
-1.48609758923
0.864
0.187
-0.96
-0.800097589226
-0.8
-0.658
0.308006128336
1.55252736473
-0.483472635269
0.713527364731
0.145375046043
0.536
-1.568
-1.03392938885
0.187094425566
-1.31099241599
1.73009442557
-0.006
0.32
-1.407
0.717094425566
1.01091315844
-0.383
-0.607086841555
0.00809442556622
-1.718
0.132
-0.040992415989
1.75
-1.419
-0.068
-2.3800162304
-0.29
0.381
0.244007584011
0.670070611152
-0.244929388848
-2.20292938885
1.32791315844
0.002
0.607
-1.12699241599
1.20691315844
1.17691315844
-0.336086841555
-0.165016230404
-1.246
0.301
-0.615992415989
-0.973
1.976
1.181
-0.603992415989
-0.966
-0.792
0.794983769596
1.31609442557
1.71609442557
0.686094425566
-0.262086841555
1.599
1.087
-1.77566872776
-1.90072268545
-1.10631326125
-1.43972268545
1.468
-0.918
1.732
1.52827731455
0.912409424203
-0.847
-0.726590575797
-1.30172268545
-0.078
-1.248
0.946686738749
-0.328
1.759
0.309
-0.304259303559
-1.954
-1.528
-0.852313261251
0.595331272238
0.276331272238
-0.709668727762
-0.825590575797
-0.235
0.91
1.52068673875
1.3944094242
-0.518590575797
1.3934094242
1.71474069644
0.932
1.297
-0.329313261251
0.013
0.771
-1.343
-2.05531326125
0.845
1.712
1.59274069644
-1.43572268545
-0.410722685453
-1.23372268545
-0.885590575797
-0.26
-1.281
1.35412496247
-1.04195166545
0.364648377744
-0.37995166545
-0.852
-0.516
1.498
1.17104833455
1.08060004319
0.017
-0.150399956806
-0.90595166545
0.904
-1.615
0.722648377744
0.14
0.182
-0.362
-0.749274994339
-0.124
-1.125
-0.610351622256
0.137124962467
0.782124962467
-1.39087503753
0.504600043194
0.749
-0.554
1.26764837774
1.99060004319
-0.958399956806
-0.996399956806
-1.53927499434
1.752
0.315
-0.167351622256
-1.302
0.907
0.741
1.88964837774
-1.064
-1.92
-0.922274994339
-0.66795166545
-2.00895166545
1.18904833455
-1.10639995681
1.779
-1.09
1.03621071973
-1.58578809493
0.856669077736
-1.33678809493
1.324
-0.795
0.574
-1.51078809493
-0.674542827336
0.888
-1.78054282734
1.67321190507
-0.021
0.944
1.16766907774
-0.398
-1.865
-0.837
-1.2963321076
-1.962
1.989
-1.18133092226
-0.930789280268
-0.197789280268
0.886210719732
1.25345717266
1.029
0.56
1.26466907774
1.54745717266
0.346457172664
1.60345717266
0.239667892395
0.36
-0.631
1.61966907774
-0.678
-0.717
1.666
1.68466907774
-0.122
1.807
-0.774332107605
0.619211905073
-1.89378809493
-0.353788094927
0.0344571726637
0.054
-0.829
-0.270150174667
-1.30579443649
-1.19299563651
1.70020556351
-1.209
1.939
1.163
0.821205563507
-1.02920120002
-0.488
0.838798799982
2.37620556351
-0.75
1.019
-1.42399563651
-1.283
-1.539
-0.83
-1.11635137469
1.95
0.673
2.41300436349
-0.809150174667
1.19184982533
-0.591150174667
1.15479879998
0.543
-0.091
1.91700436349
0.000798799981944
0.614798799982
0.933798799982
1.51464862531
-1.497
-0.573
1.12600436349
0.508
0.928
-0.46
-0.677995636511
0.048
-1.039
-0.939351374685
0.0462055635075
0.963205563507
1.47920556351
-0.644201200018
0.523
-1.108
0.878329050269
-0.53588612616
1.76399012337
-1.40288612616
0.942
-0.985
-1.492
-1.31588612616
0.521876249532
0.127
-0.770123750468
-1.62388612616
-0.027
-1.856
-0.270009876628
-0.291
-0.719
1.089
1.9582052998
0.143
0.691
-1.79100987663
-0.081670949731
1.79632905027
0.257329050269
0.292876249532
0.456
0.309
2.03599012337
-1.05912375047
-0.0701237504677
-0.251123750468
-1.7177947002
-0.241
-0.962
-1.28300987663
-0.477
1.73
1.027
0.111990123372
1.32
-1.191
-0.337794700199
1.45811387384
-1.08988612616
-1.76488612616
0.720876249532
-1.293
0.04
-1.09878016424
0.342436380885
1.67336236584
-0.777563619115
1.468
-1.598
-1.358
1.00343638088
-1.20707401505
-0.474
-0.461074015047
2.23343638088
-0.783
0.591
-0.295637634163
0.251
-1.263
-0.8
-0.0588541792923
-0.677
0.28
0.226362365837
1.65321983576
-0.492780164245
-1.37778016424
-1.24107401505
-1.325
-0.614
-0.621637634163
1.11892598495
-1.03007401505
-0.590074015047
0.627145820708
-0.952
0.034
-0.124637634163
0.624
0.275
0.276
1.59136236584
-1.974
1.106
-0.143854179292
0.385436380885
2.33343638088
-0.303563619115
0.375925984953
1.915
-0.284
-0.205396819117
0.776925485619
-0.43989000834
-1.31507451438
0.865
-1.001
0.464
-0.622074514381
-1.03081549396
-0.519
0.00518450604083
1.26792548562
1.06
-0.022
0.60110999166
0.656
0.889
1.778
-0.0412123130764
-1.292
-0.483
1.12410999166
1.43560318088
1.35460318088
-0.253396819117
0.307184506041
0.995
1.561
1.59310999166
0.214184506041
-1.18081549396
-1.92181549396
-0.127212313076
1.702
-0.167
-0.0258900083397
1.717
1.253
1.889
-0.94089000834
-0.021
-1.411
-0.903212313076
2.01392548562
-0.447074514381
0.345925485619
-0.621815493959
-1.123
1.183
2.02894969385
0.598532851105
-1.68858767856
-2.5814671489
-1.109
0.821
1.892
-1.2184671489
2.18387947034
-1.977
0.716879470339
-1.8574671489
0.279
-0.203
1.32041232144
-0.718
0.912
0.031
0.180829164188
-0.253
-0.941
-1.44358767856
0.340949693849
1.53494969385
1.70094969385
-0.0561205296613
-0.05
-1.795
0.918412321444
-1.59912052966
-1.32612052966
0.111879470339
0.359829164188
1.823
-0.766
0.287412321444
-0.502
-1.609
0.283
0.856412321444
-0.454
-1.872
2.76482916419
-0.0764671488951
1.1585328511
0.372532851105
-0.909120529661
-0.842
-1.668
-1.20406108
0.177208477333
0.440975918238
0.272208477333
-1.563
-0.778
-0.583
-1.95479152267
-1.09023255909
1.049
1.69176744091
-1.03479152267
-0.387
-1.814
0.431975918238
0.602
1.727
1.985
0.700706360905
1.157
-0.145
0.851975918238
-1.84406108
1.51393892
-0.317061080001
-1.53223255909
-0.501
1.599
-1.00202408176
-0.304232559095
1.50776744091
1.84376744091
-1.8102936391
1.346
0.506
1.33997591824
0.51
1.058
-0.441
-1.98502408176
-0.918
-0.001
0.777706360905
1.47220847733
-1.59979152267
-0.661791522667
0.484767440905
1.601
1.20784822433
1.88666432008
-1.09130579982
-0.707547238934
1.44800397052
-1.85727512026
1.86853346706
0.848634329375
0.965944466091
-1.30425537552
-0.23336762596
-1.6799123702
-0.986134491648
0.52629152583
0.431069874805
1.24648098763
0.818498567707
0.472602153112
-1.24798469211
-1.80258189333
-1.24012816299
-1.29248550852
-1.48369803377
0.0355797628841
-0.543019887825
0.162361722858
1.86846876935
0.143900372966
-0.260062446738
-1.64842066305
-1.77488097787
0.350319884342
0.250098248196
2.05810018227
-1.51902244978
0.081172769838
-0.661886540822
-1.20352999092
1.76588146841
-1.0965477894
-0.0250556939511
0.568011230882
0.697489432768
-1.84974467893
-0.712580210363
