1.396
0.794166473005
-0.696323961358
1.93355281174
1.03667603864
0.808
0.326
-0.243
0.322676038642
1.0978767731
1.06
1.0448767731
0.894676038642
-1.434
0.477
-1.37044718826
-1.44
0.834
-1.566
0.872043246106
-1.009
1.774
-0.864447188257
1.73516647301
1.34816647301
-0.782833526995
0.429876773101
1.964
-0.15
0.539552811743
-1.1161232269
2.0988767731
0.865876773101
0.644043246106
0.143
0.367
1.63655281174
-0.873
1.97
-1.871
-1.10544718826
-1.49
-0.732
-0.703956753894
-0.463323961358
0.668676038642
1.49067603864
-1.6831232269
1.85
0.098
1.1771621211
1.23051760321
-1.07581212407
0.832517603206
0.631
1.936
0.524
1.23551760321
-0.0393297272707
-1.426
-0.0373297272707
-0.416482396794
0.237
-1.093
0.211187875935
0.464
-1.334
-1.375
-0.278167606173
-1.709
1.616
-1.58281212407
2.0431621211
-1.2118378789
1.5401621211
1.76967027273
0.77
-0.792
-0.977812124065
-1.29932972727
-0.929329727271
-1.36632972727
2.34783239383
-1.599
0.304
-0.985812124065
-1.394
0.058
0.009
-0.920812124065
-1.789
1.829
1.55683239383
-1.02248239679
-1.51048239679
1.05251760321
0.198670272729
1.06
-1.811
2.41649090881
-0.643047734352
0.0209645481791
-0.0750477343518
1.673
1.62
1.943
-1.35304773435
0.149012282531
-1.449
-1.86598771747
1.12995226565
-1.033
-0.215
-0.398035451821
-1.938
-0.69
-0.446
0.0615031913443
-1.729
-0.606
0.219964548179
-0.240509091187
1.92849090881
-0.856509091187
-0.064987717469
-1.369
-1.19
-0.210035451821
-0.088987717469
1.58101228253
-1.48898771747
-0.331496808656
-1.41
1.32
1.92896454818
0.069
0.18
0.036
0.628964548179
0.732
1.612
-0.837496808656
-0.359047734352
-1.73504773435
0.827952265648
0.315012282531
1.043
1.034
1.06185811248
-2.21051787903
0.162861479596
1.46348212097
-1.513
-1.53
-1.646
1.34248212097
-0.428620641379
1.888
0.643379358621
-1.79351787903
-0.651
-0.861
-1.8511385204
0.392
-0.991
0.804
-1.0647625289
-1.52
-0.634
1.4368614796
1.33585811248
-0.193141887521
1.44385811248
1.51537935862
1.741
-1.29
-1.7061385204
1.38737935862
0.318379358621
-1.96062064138
1.3282374711
1.025
1.448
-1.7681385204
0.747
1.889
-1.228
-1.7431385204
0.063
0.437
0.834237471101
1.26548212097
1.42848212097
-1.56151787903
-1.08562064138
-1.269
-1.865
0.449392877282
-1.59124833584
0.0668436160169
0.198751664162
-1.213
-0.784
-0.2
2.20175166416
-0.414908048145
-0.004
-1.87890804814
0.643751664162
-0.08
1.189
-0.562156383983
0.566
1.189
0.753
0.759484829137
0.688
0.186
1.67684361602
-2.55560712272
-1.98960712272
-1.96260712272
-0.347908048145
-1.691
-1.165
-0.909156383983
0.254091951855
-0.984908048145
0.216091951855
-2.39851517086
0.303
0.598
-0.161156383983
1.427
0.49
0.944
1.56284361602
-1.637
-1.469
-0.501515170863
1.17175166416
-1.06124833584
-0.334248335838
0.880091951855
-0.079
1.705
1.21046829246
0.0206256544329
0.868099808138
2.31362565443
-0.93
-0.923
-0.297
0.379625654433
0.158474153705
-1.785
-1.8175258463
-0.909374345567
0.573
-1.415
-0.936900191862
1.132
0.043
-0.428
0.589942446167
1.806
0.116
1.28009980814
-1.14753170754
-1.17253170754
1.35146829246
0.328474153705
1.484
-0.346
-0.361900191862
0.617474153705
-1.5795258463
1.0604741537
-0.0220575538327
-0.462
-1.547
-0.146900191862
-0.763
1.877
-0.899
0.345099808138
-0.485
-1.491
-0.899057553833
-1.23537434557
2.53462565443
2.15062565443
-0.514525846295
-1.738
-1.462
0.564709806178
0.821698377403
1.2652326605
1.8356983774
-1.4
0.937
1.379
2.0176983774
-1.5294657169
-1.678
1.2305342831
-0.0673016225974
-1.483
0.575
-1.0237673395
-1.203
-1.162
0.246
1.40824408927
-1.695
0.695
1.6732326605
-1.16629019382
-0.901290193822
0.109709806178
1.4135342831
-0.88
-1.133
1.1492326605
1.8005342831
0.287534283097
-0.284465716903
-0.101755910725
-1.474
-0.765
-0.9257673395
0.112
0.392
0.256
-0.9177673395
0.909
-0.473
1.09724408927
2.0196983774
-1.3223016226
-1.2333016226
0.021534283097
1.274
1.737
-1.49621188897
0.919157516328
-0.5300559348
-0.555842483672
-1.946
0.019
0.358
-0.868842483672
0.781786548872
-0.027
1.97478654887
0.135157516328
1.626
1.472
2.0489440652
0.508
0.066
0.032
0.155574659903
1.842
0.771
-0.9050559348
-0.42221188897
-0.54421188897
-2.84421188897
-0.537213451128
-0.945
-1.441
1.5379440652
-0.432213451128
1.28278654887
1.28978654887
-2.3704253401
-0.444
-0.714
1.4179440652
0.316
-1.979
-0.527
-0.9910559348
-0.122
1.194
1.0835746599
0.363157516328
-1.79484248367
1.64715751633
-0.645213451128
-1.452
-0.198
-1.74694164903
1.65331654602
1.69231751838
-0.0986834539812
-0.395
0.954
0.328
-0.00668345398124
1.52200097236
-1.211
1.51700097236
-1.48668345398
0.936
-0.269
-0.219682481616
-0.298
0.845
0.829
1.35405932334
1.441
1.628
1.19331751838
-2.21394164903
-1.70194164903
-1.67594164903
-1.48599902764
1.405
-1.527
1.43631751838
-0.910999027635
1.40600097236
0.565000972365
0.00905932333755
1.557
0.754
-0.462682481616
0.815
-1.927
-0.205
0.259317518384
1.771
-0.539
1.28805932334
-0.604683453981
-2.06668345398
-0.571683453981
-1.99299902764
-1.51
-1.917
-0.66412212057
-1.1533938424
-0.552398985534
-1.2423938424
0.298
-1.574
-0.235
2.1986061576
-1.29100514313
0.816
0.391994856867
0.486606157599
-1.718
0.844
1.11460101447
1.866
-0.172
1.532
-2.1891272637
0.489
-1.282
0.537601014466
-1.97012212057
0.29087787943
0.91787787943
0.710994856867
-1.977
-1.184
-0.435398985534
0.246994856867
0.401994856867
0.337994856867
0.456872736296
-0.58
-0.092
-0.585398985534
1.137
-1.684
-1.778
1.52360101447
-0.593
-1.092
-0.0771272637036
-0.545393842401
0.814606157599
1.9886061576
-0.817005143133
1.915
1.873
1.00868831781
-1.97232998613
1.02531486366
-1.16532998613
-1.522
0.276
0.527
-1.25732998613
-0.243355150209
1.722
0.0146448497912
0.60267001387
-0.276
-1.733
-0.421685136339
1.428
-1.453
0.91
0.745333167606
1.206
0.524
-1.87168513634
-0.210311682185
-2.70131168219
-2.55931168219
1.33564484979
1.009
1.592
-0.652685136339
-0.798355150209
0.445644849791
1.63564484979
-0.469666832394
1.441
-0.997
1.07031486366
-1.499
-1.548
-1.662
0.345314863661
1.21
0.167
1.20533316761
-0.64732998613
0.44267001387
-0.0833299861304
0.500644849791
-0.587
0.491
0.978340389925
-2.11726555061
-1.17526555061
-0.612265550614
1.784
1.789
-0.334
-0.284265550614
1.533
1.455
0.622
0.357734449386
1.313
1.699
0.563734449386
-1.36
-0.481
0.25
1.04434038993
-1.287
-0.349
0.498734449386
1.29034038993
1.16734038993
2.63534038993
1.801
1.349
1.017
1.58673444939
1.66
0.61
0.891
1.41334038993
-1.603
-0.25
-0.729265550614
1.718
-1.602
-0.225
-1.53126555061
0.757
0.673
0.986340389925
0.112734449386
-1.54926555061
0.666734449386
1.345
-1.395
-0.382
0.550904084069
-1.90927501304
0.141245931612
0.645724986965
1.759
1.393
-0.48
-0.875275013035
0.164520944648
-1.362
1.43052094465
-1.21727501304
1.698
-1.771
0.939245931612
0.391
0.591
0.93
-1.09657497128
0.298
1.946
-0.757754068388
-1.61509591593
-0.928095915931
1.18090408407
-1.29247905535
-0.871
-0.186
-0.766754068388
1.35152094465
1.63152094465
1.17552094465
-1.92857497128
1.302
0.275
-1.27575406839
-0.97
0.321
-1.742
0.654245931612
-0.647
-1.158
1.70542502872
-2.02327501304
0.496724986965
0.624724986965
1.26552094465
1.916
1.269
-1.40699856864
0.280239027962
0.299281349197
-2.11476097204
-0.649
1.109
-0.136
0.0622390279619
-0.849957678765
-1.454
0.145042321235
1.72823902796
0.983
-1.226
0.547281349197
1.859
1.072
-1.651
1.11104375259
-1.255
1.923
1.3392813492
-0.0639985686408
1.27600143136
-1.36299856864
0.954042321235
1.428
1.867
0.697281349197
1.16404232124
1.10604232124
0.242042321235
-1.67295624741
1.85
-0.792
-0.981718650803
-1.864
-1.032
1.409
-0.339718650803
1.685
1.964
-1.23395624741
-2.10476097204
-1.45676097204
-1.41176097204
0.484042321235
0.47
-1.938
-1.51297656591
-0.199430514727
-1.75270800765
0.765569485273
-1.561
1.875
-0.069
-2.09843051473
-1.99427749292
-1.76
1.03872250708
0.240569485273
-1.929
0.043
-0.705708007646
0.554
-0.311
0.675
1.14474594117
-0.393
-0.443
0.306291992354
-2.00997656591
-1.35797656591
0.0650234340864
-1.96527749292
-1.766
-1.406
-0.324708007646
-0.232277492919
0.536722507081
-0.132277492919
-0.00225405883278
0.334
1.992
1.00029199235
-0.995
1.317
-1.469
-1.73070800765
-0.715
1.808
-0.794254058833
0.901569485273
-0.167430514727
0.866569485273
-1.32927749292
0.047
-1.4725796639
1.26854031371
-1.26033419626
0.364031009394
-0.169021762007
-0.601368118389
-0.747877035075
0.720956385467
-0.0143599317139
-1.99390736925
1.94701032667
1.51059323891
1.98606621114
0.137080603904
0.920681111265
-1.28192384336
1.95244567066
0.852916891965
1.49928422346
0.0155866888143
1.04654941291
-0.101358330075
-0.453194418448
-0.0384534674589
-1.86254480509
-0.0410610978917
1.33820687943
-1.09497654595
-0.619053361597
0.774238213641
-1.34053950205
-0.290139584154
-1.02784063853
0.732951669651
1.34412890264
0.206074367504
0.544685472304
1.09587840893
0.108143432039
1.20434233804
0.457421325241
-1.9956524409
-1.07769103643
-1.60448747589
1.38450706603
