-0.578
2.82428985915
-1.27558748996
1.1187407762
-1.61858748996
-0.828
0.246
-1.549
0.687412510041
1.33632826616
-0.581
0.838328266161
0.752412510041
0.102
-1.509
-0.952259223798
1.602
-0.413
-0.637
1.47461812531
1.348
0.783
-1.2092592238
1.43228985915
2.69028985915
-0.38971014085
-1.15267173384
0.994
-0.332
0.0717407762025
1.38332826616
-1.36067173384
0.346328266161
1.21561812531
-0.563
-0.859
0.754740776202
-0.16
0.41
-0.211
-1.3422592238
-0.793
1.236
-0.360381874689
-1.77258748996
0.263412510041
-0.737587489959
-0.0286717338388
1.811
1.301
1.285
-1.791
-1.98329480029
1.145
0.739
-1.416
-1.94
-1.605
0.315705199715
1.473
0.660705199715
-1.42
-0.338
1.022
1.51870519971
-0.72
1.356
0.89
-1.04529480029
1.049
1.745
-0.323294800285
-1.858
-0.62
-1.341
1.29370519971
1.207
-0.485
-1.01729480029
-0.209294800285
-1.39429480029
-1.65729480029
-0.762294800285
1.303
-0.846
-0.683294800285
-1.836
-1.012
1.092
-0.940294800285
-1.719
1.387
0.431705199715
-1.179
-1.372
0.216
0.619705199715
1.582
-0.989
0.430938505874
1.59325187413
0.0930767017421
1.82625187413
-0.185
-0.104
1.551
0.744251874127
-1.65417517239
-1.785
1.85282482761
1.86725187413
-1.012
-1.139
-1.77992329826
0.395
-0.362
1.294
-0.572236666511
-0.511
-1.693
0.00707670174208
-0.521061494126
-0.988061494126
0.714938505874
1.57382482761
1.808
-1.112
-0.414923298258
1.19782482761
1.64482482761
0.295824827615
-1.61223666651
-0.77
0.867
1.93807670174
-1.873
-0.275
1.399
-0.260923298258
-1.71
1.699
-1.31923666651
0.119251874127
-0.197748125873
-0.0387481258729
0.601824827615
0.959
-1.366
-0.710304037191
1.23583106149
-0.277402680381
-1.03716893851
1.527
-1.257
1.563
-1.62016893851
0.705766258127
-0.366
1.94076625813
1.71383106149
-1.848
-1.965
0.203597319619
-1.032
1.962
1.747
-0.957537779064
1.709
-1.691
-1.00240268038
-1.77930403719
-1.79230403719
-0.653304037191
-1.60823374187
-0.552
-1.566
0.512597319619
1.62776625813
-0.015233741873
1.00576625813
-0.217537779064
-1.564
1.984
-0.294402680381
-0.347
-0.408
1.876
-0.0304026803807
0.123
1.891
0.560462220936
-0.588168938508
1.52683106149
-1.51816893851
0.855766258127
-0.596
0.811
-1.94292294645
-1.57332399183
0.599675627517
-1.35632399183
-1.421
0.416
-1.97
-0.91232399183
-1.16300038065
-1.104
0.542999619347
0.57867600817
0.918
-1.994
-2.23632437248
-0.373
0.741
1.135
1.20507667289
0.44
1.816
0.946675627517
-0.633922946455
-1.95492294645
1.25307705355
-1.31400038065
-0.962
-1.184
0.115675627517
0.118999619347
0.580999619347
0.0229996193467
1.83407667289
-1.889
0.407
0.813675627517
0.643
-1.318
1.348
-0.0423243724832
-1.224
0.497
1.40507667289
-2.05032399183
-0.60432399183
-1.47132399183
-0.242000380653
1.91
0.914
1.47060585682
-0.383336421375
1.34906338368
0.938663578625
-1.297
-1.125
-0.363
-0.873336421375
-1.30360019494
0.768
0.0283998050562
1.13566357862
-0.076
0.725
-0.166936616319
-1.473
1.079
1.516
-0.114994338126
-0.808
0.71
1.97406338368
0.0316058568179
-1.66039414318
-1.64239414318
0.0483998050562
1.678
-1.374
-1.33393661632
-1.40560019494
-1.04660019494
-1.17560019494
1.65400566187
-1.386
0.701
0.902063383681
1.964
1.628
-1.135
-0.482936616319
1.098
0.199
-0.404994338126
1.37166357862
1.64666357862
2.18966357862
-1.64760019494
0.332
1.249
-0.143107510865
1.5665963654
-0.726262452691
0.624596365398
-0.427
1.392
-0.751
-1.9544036346
0.571141181911
0.13
0.542141181911
-1.5774036346
1.526
0.345
-0.294262452691
0.562
0.247
-1.745
1.24903367105
0.85
-1.479
0.519737547309
1.17789248913
-0.894107510865
1.17389248913
1.34014118191
-1.917
-1.37
-1.08126245269
2.12014118191
0.0361411819107
-0.686858818089
1.15303367105
-0.795
1.531
0.355737547309
0.702
1.857
0.114
-1.38526245269
0.174
1.055
-1.77096632895
-0.212403634602
-1.7784036346
-1.7974036346
1.03314118191
0.499
-0.741
-0.971969177971
1.05892281433
-0.931077185666
0.881922814334
0.445
1.884
-1.067
0.609922814334
1.763
1.634
1.268
0.658922814334
0.996
-1.951
-1.17807718567
1.012
1.836
-0.227
-0.813969177971
-1.227
-1.624
2.10192281433
-1.50796917797
-0.455969177971
-1.07096917797
1.766
1.293
-0.066
1.62892281433
-1.955
1.374
1.432
-1.81896917797
0.533
1.454
1.77492281433
1.04
0.561
1.788
0.988922814334
0.533
-1.953
1.67303082203
-0.349077185666
-1.05007718567
0.117922814334
0.441
-1.093
0.682
2.34933843656
2.01918616954
-1.0585662887
-1.83381383046
-0.474
1.132
-0.117
0.307186169541
1.25624754176
0.826
0.842247541755
1.97018616954
1.666
0.365
-1.3065662887
1.02
-0.542
-0.018
2.11958597831
1.467
0.114
1.6444337113
3.00133843656
-0.446661563441
-0.105661563441
-1.78475245824
-1.161
-0.19
-1.4635662887
0.101247541755
-1.35075245824
0.644247541755
0.453585978314
1.91
-0.612
1.6024337113
0.601
0.965
0.831
-1.8675662887
1.451
0.978
-0.131414021686
-0.501813830459
-0.796813830459
-1.32581383046
-1.87475245824
0.045
0.917
-1.033
0.361
1.03260546933
-0.564
-0.666
-1.768
-0.66
1.586
-1.85739453067
0.456
-1.23139453067
0.287
-1.378
1.263
1.61660546933
-0.137
-0.279
-0.691
-0.986394530671
-1.903
-1.637
1.94760546933
-1.377
0.221
1.149
0.347605469329
-0.671
0.412
-0.956394530671
-0.984394530671
-0.281394530671
-0.870394530671
-1.47639453067
1.813
-1.307
0.777605469329
-1.728
-1.188
-1.935
1.39360546933
0.035
0.84
0.814605469329
0.888
1.279
1.701
1.52460546933
-1.565
-0.015
0.592022040294
-1.33444794558
-0.862724186725
1.21055205442
-1.832
1.554
0.593
-1.98844794558
1.19472375885
1.786
-0.0232762411494
-2.33344794558
-1.033
0.677
0.863275813275
-1.513
1.253
0.458
1.16274579914
-1.571
1.848
1.23527581327
2.66702204029
1.12402204029
2.35102204029
-0.982276241149
0.555
-0.706
-1.62172418673
1.76572375885
0.374723758851
-1.72727624115
-0.184254200855
-1.265
-1.285
0.370275813275
0.543
0.327
0.241
-0.929724186725
1.09
0.274
2.92674579914
0.200552054424
-0.298447945576
0.0865520544241
0.987723758851
0.783
-1.574
1.73279740943
-1.38257239673
-0.392719151187
1.02342760327
-0.712
-1.888
-0.268
0.393427603266
1.35885324555
0.099
1.88885324555
-0.759572396734
1.76
-1.131
-1.76371915119
1.503
-1.593
1.852
0.430650654982
-0.917
0.559
1.09928084881
-1.14120259057
1.32979740943
0.624797409434
-0.945146754452
-1.089
1.414
1.17528084881
-0.0481467544525
1.05585324555
-1.44114675445
0.0266506549816
-0.388
-1.594
0.550280848813
1.922
-0.505
-1.804
1.36928084881
-0.063
-1.178
-1.23034934502
0.576427603266
-0.128572396734
0.429427603266
-1.45714675445
-1.914
0.878
-2.00350910456
1.8768443791
1.63486200025
2.0228443791
-1.076
1.493
-0.868
0.255844379098
0.0310176211539
-1.467
1.27401762115
-0.420155620902
-0.849
0.666
-1.21713799975
0.336
0.414
-1.043
-1.94849148341
1.727
-0.946
1.56586200025
-2.23050910456
0.389490895436
-0.970509104564
-2.35398237885
1.052
-1.52
-1.63213799975
0.342017621154
-0.498982378846
0.101017621154
-2.04849148341
-1.128
0.913
1.79986200025
0.321
-0.985
-1.635
0.586862000252
-1.405
0.897
-2.90549148341
-0.928155620902
1.5208443791
-0.357155620902
0.764017621154
1.004
0.688
1.47522668409
-1.46371155137
-0.280624687239
-1.15571155137
0.607
0.89
-0.571
-1.62071155137
-0.37591313587
0.534
0.73708686413
0.00328844863039
1.593
0.583
1.34137531276
1.455
0.893
-0.641
1.97731354822
-0.489
1.204
-1.24662468724
1.78422668409
1.23522668409
-0.248773315913
1.66308686413
0.053
-0.807
0.731375312761
0.54608686413
1.13208686413
-0.42191313587
2.08331354822
1.036
-0.409
0.907375312761
0.236
-1.043
0.04
-0.943624687239
-1.79
1.134
3.02531354822
-1.30971155137
0.42528844863
-1.41171155137
-0.60791313587
-0.523
1.24
2.48658941618
-0.422578102418
1.37255530507
1.39542189758
-0.989
-0.86
-1.271
0.201421897582
-0.895866592508
-1.119
0.166133407492
1.14542189758
-0.088
0.21
-1.69944469493
0.711
1.718
-1.071
1.86072282367
-1.932
-0.995
-0.614444694926
-0.59641058382
-0.93941058382
2.46158941618
0.835133407492
-1.18
1.274
-0.507444694926
0.412133407492
-1.97786659251
-0.0278665925079
-0.431277176328
1.866
-1.582
-1.56144469493
-1.965
1.453
0.352
-0.143444694926
-0.951
1.605
1.73972282367
1.76142189758
-0.608578102418
-0.799578102418
-0.314866592508
1.439
-0.00704010634344
-2.01614930014
-1.06555434277
1.9963005591
1.48503068004
-0.60562176914
1.93153543746
-0.90411963577
-0.204442875932
0.482264428131
-1.14122349848
0.888409832386
-1.75646013988
-0.817589950896
-0.124734651429
0.672394244975
1.49960545298
-1.9827344828
-0.491692868384
-1.89745942729
0.770866820862
0.4774900532
-1.89253945543
1.59734291083
-1.30248450744
0.990422948422
1.37787668013
-0.211281621133
0.344269087084
1.24407857173
-0.589063828231
1.33254687089
1.85229526382
1.17407992194
-1.76226795191
-1.30491882061
0.475706123385
-1.55536114346
0.549233677635
1.35211579964
-1.11348672301
-0.334607506646
1.89432536809
-1.8537690288
0.500096483485
